frame 30. 17.
color 255 0 0 # цвет красный
thickness 2   # толщина 2
path 34 
1. 3. 
3. 1. 
12. 1. 
14. 2. 
17. 2. 
19. 1. 
21. 1. 
23. 2. 
25. 2. 
29. 1. 
22. 6. 
19. 4. 
15. 3. 
8. 5. 
7. 4. 
6. 5. 
7. 10. 
8. 11. 
7. 13. 
6. 13. 
5. 11. 
6. 10. 
5. 6. 
4. 7. 
3. 7. 
4. 10.
5. 11.
4. 13. 
3. 13. 
2. 11. 
3. 10. 
2. 6.
1. 4.
1. 3.


# лицо
path 4
1. 4. # глаз левый
2. 5. 
3. 4. 
1. 4.

path 4
4. 4. # глах правый
5. 5. 
6. 4. 
4. 4.

path 8 # ротик
2. 3.
5. 3. 
5. 3. 
4. 2.
4. 2. 
3. 2.
3. 2. 
2. 3.
path 2
1.75 2.75 
2.5 3.5
path 2
5.25 2.75 
4.5 3.5



path 2
2.5 2.5 
2.5 3. # факультативные зубки
path 2
3. 2. 
3. 3.
path 2
3.5 2. 
3.5 3.
path 2
4. 2.
4. 3.
path 2
4.5 2.5
4.5 3

# ракушка
path 13
7. 4.  # внешний слой
7. 5. 
8. 6. 
8. 6. 
10. 13. 
12. 15. 
15. 16. 
18. 16. 
21. 15. 
23. 13. 
24. 10. 
25. 9. 
22. 6.

path 21
18. 16.  # внутренний слой 1
21. 14. 
22. 13. 
22. 10. 
17. 5. 
13. 5. 
10. 7. 
12. 12. 
14. 14. 
17. 14. 
19. 12. 
19. 10.
16. 7.
14. 7. 
13. 8. 
14. 11. 
15. 12. 
16. 12. 
17. 11. 
16. 10. 
15. 10.

path 23
23. 13.  # внутренний слой 2
23. 9. 
18. 4. 
13. 4. 
9. 7. 
11. 12. 
14. 15. 
17. 15. 
20. 12. 
20. 10. 
16. 6.
13. 6. 
12. 8. 
13. 11. 
15. 13. 
16. 13. 
18. 11.
16. 9. 
15. 9. 
14. 10. 
15. 11.
16. 11.
15. 10.
